# Created by Octave 3.6.2, Tue May 07 14:56:06 2013 CEST <filip@filip-linux-laptop>
# name: results
# type: matrix
# rows: 1000
# columns: 3
 10 -127.3571287997004 0.01854068634874718
 20 -127.3571287997 0.02560465650578077
 30 -127.3571303220028 0.03073218961640012
 40 -127.3571287996993 0.03484472939684307
 50 -127.3571287996995 0.03836531996768666
 60 -127.357093468439 0.04137433145353286
 70 -127.3570908742437 0.04404827474911539
 80 -127.3571287997003 0.04644515833609175
 90 -127.3571303220029 0.04867460619009747
 100 -127.3571287997002 0.0505598625872725
 110 -127.3572895636566 0.05249134441996177
 120 -127.3570934684388 0.05412912746798913
 130 -127.3570934684389 0.05586571999471478
 140 -127.3573020719486 0.0572588676698709
 150 -127.3572895636561 0.05859823587439296
 160 -127.3571287997 0.05992432177158329
 170 -127.3571190368424 0.06131023904574028
 180 -127.3572895636567 0.06234287280137124
 190 -127.3571340827225 0.06337162365827322
 200 -127.3571287996997 0.06455938182679068
 210 -127.3571043455251 0.06558989454943791
 220 -127.3572895636569 0.0666311271831992
 230 -127.3571043455261 0.06732894079283608
 240 -127.3572426025165 0.0682764128920795
 250 -127.3571287997002 0.06902494236431089
 260 -127.357093468439 0.07023943328160576
 270 -127.3571043455253 0.07062460853836097
 280 -127.3573020719483 0.0715534984913969
 290 -127.3572020618654 0.07226121835979657
 300 -127.3572895636563 0.07316216839365013
 310 -127.3567671074763 0.07377947184082015
 320 -127.3571287997 0.07438832805803755
 330 -127.3572895636565 0.07489178684579385
 340 -127.3571190368421 0.07537427023150048
 350 -127.3570908742439 0.07614542780920375
 360 -127.3567374521865 0.07700239411269241
 370 -127.3567407052833 0.07685236832618318
 380 -127.3569371118646 0.0778610164154285
 390 -127.3570934684388 0.07840639034418709
 400 -127.3571287997 0.0780543272687262
 410 -127.3571303220034 0.07992859309508428
 420 -127.3564984440774 0.07998092318668049
 430 -127.3567671074769 0.08050480885337317
 440 -127.3567300223074 0.08098059155136696
 450 -127.3572895636565 0.08124470246858972
 460 -127.3564642686928 0.08133802124589722
 470 -127.3567727172423 0.08287050691625232
 480 -127.3572426025164 0.08192310789465977
 490 -127.3564984440776 0.08291652318649208
 500 -127.3571287997002 0.0823159645557809
 510 -127.3564984440777 0.08335866204789158
 520 -127.3570934684389 0.08366842150640727
 530 -127.3564642686927 0.08426796030267183
 540 -127.3565253913801 0.0844255719733218
 550 -127.3572895636564 0.08517042389379104
 560 -127.3564984440778 0.08552036507776088
 570 -127.3569371118647 0.08524858896199065
 580 -127.3572020618651 0.08606154407773826
 590 -127.3567179924159 0.0858186631573329
 600 -127.3564984440777 0.08668544428397218
 610 -127.3569749924483 0.08706577193893632
 620 -127.3568295802649 0.0858559881915494
 630 -127.3571043455254 0.08843508577401807
 640 -127.3567300223071 0.08798600524168584
 650 -127.3568107079127 0.08731975930261934
 660 -127.3572895636564 0.08833381213905118
 670 -127.3568467175184 0.08825890110263637
 680 -127.3564984440776 0.08874101602044632
 690 -127.3571043455258 0.08790637508936848
 700 -127.3564984440776 0.08944009723406308
 710 -127.3567300223072 0.08906705560876303
 720 -127.3570261194162 0.08986533070936986
 730 -127.3570080797904 0.09035272715518161
 740 -127.3567407052834 0.08982892776237363
 750 -127.3567671074767 0.09007718756377664
 760 -127.3569589570743 0.0908629895402016
 770 -127.356717992416 0.09137923092063836
 780 -127.3570934684387 0.09209325194956702
 790 -127.3570280459297 0.09217418113030279
 800 -127.3571287996996 0.091596047789486
 810 -127.35652539138 0.09095823482597813
 820 -127.3564642686929 0.09108972065250341
 830 -127.3570079551093 0.09232972618176549
 840 -127.3564984440777 0.09201123176147656
 850 -127.3564984440777 0.09320339436540814
 860 -127.3570079551095 0.09286822110365521
 870 -127.3567821420927 0.09368900038156686
 880 -127.3567300223072 0.09246394732172215
 890 -127.356675369646 0.09279952843008699
 900 -127.3572895636564 0.09334110956537552
 910 -127.35612389029 0.09247864249939031
 920 -127.3559281644847 0.09408913286986133
 930 -127.3567671074769 0.09339452896193413
 940 -127.356370393607 0.09546110981835441
 950 -127.3569589570741 0.09519396351601038
 960 -127.3570261194164 0.09545498843337862
 970 -127.3556478147333 0.09383878136932888
 980 -127.3564984440775 0.09494415510206232
 990 -127.3572895636563 0.09623107963493448
 1000 -127.3571287997002 0.09501252521620543
 1010 -127.3572895636563 0.09509067816689749
 1020 -127.3564984440776 0.09617941232964262
 1030 -127.3556478147334 0.09698354387366183
 1040 -127.356829580265 0.09526115162395096
 1050 -127.3564984440774 0.09574314754497459
 1060 -127.356464268693 0.09487083119184739
 1070 -127.3569962213575 0.09657460371257635
 1080 -127.3550827844845 0.09671890350179459
 1090 -127.3565348840955 0.09717871844851386
 1100 -127.3572895636563 0.09808107846779696
 1110 -127.3550827844844 0.09720238139467642
 1120 -127.3550182752443 0.09775552722445166
 1130 -127.3551748895808 0.09639743957954983
 1140 -127.3569371118647 0.09640414850721431
 1150 -127.3570280459297 0.09637610000027494
 1160 -127.3572020618649 0.09947437875962414
 1170 -127.3561238902901 0.09783073014786446
 1180 -127.356717992416 0.09544933662145469
 1190 -127.3564984440776 0.09892573987755469
 1200 -127.3564984440776 0.09800113726128462
 1210 -127.3567179924159 0.09810235254845005
 1220 -127.3561238902901 0.09862648969115884
 1230 -127.3571303220033 0.09828082889453826
 1240 -127.3568295802651 0.09718438022216265
 1250 -127.3571287997001 0.0992680644461873
 1260 -127.35612389029 0.09949362829504439
 1270 -127.3566282010824 0.1005132839209129
 1280 -127.3567300223072 0.1013400001467257
 1290 -127.3567671074769 0.1006144475496001
 1300 -127.3568107079122 0.09840114283086172
 1310 -127.3565348840956 0.1002287288030039
 1320 -127.3566547963452 0.09936627876314831
 1330 -127.3553488919035 0.1006851292886017
 1340 -127.3568467175185 0.09989577465804328
 1350 -127.3550827844847 0.100870229548226
 1360 -127.3564984440776 0.09970469547888429
 1370 -127.3552387358947 0.1009879045472565
 1380 -127.3559281644848 0.09921903978683778
 1390 -127.356942721906 0.09830423124386491
 1400 -127.3564984440776 0.1013255868712693
 1410 -127.3567727172424 0.100252786183471
 1420 -127.3567300223072 0.1009212624543933
 1430 -127.3564881586081 0.1003543985666056
 1440 -127.3570261194163 0.09948391157379308
 1450 -127.3550567786396 0.1019833486355933
 1460 -127.3550198777338 0.1015225042530217
 1470 -127.3564984440776 0.1011876715507161
 1480 -127.3550827844845 0.09942274729092983
 1490 -127.3569749924482 0.100538791227794
 1500 -127.3550827844845 0.1019856049528243
 1510 -127.356697155619 0.1000781053210352
 1520 -127.3550198777336 0.1036625096880765
 1530 -127.3555529328687 0.103959597514526
 1540 -127.3567179924159 0.1013286361353045
 1550 -127.3567671074773 0.1015099059753865
 1560 -127.3570934684387 0.1031908487108635
 1570 -127.3548255044465 0.1030775619196504
 1580 -127.3547700996436 0.1041121764022868
 1590 -127.3548255044465 0.09999245324586793
 1600 -127.3571287997001 0.1012613825746997
 1610 -127.3571043455258 0.1006425429252012
 1620 -127.3565253913802 0.1018383136395603
 1630 -127.3561821982805 0.1034397034059542
 1640 -127.3553721882135 0.103688089375014
 1650 -127.3572895636563 0.1024340275785721
 1660 -127.3570079551094 0.1044674600802414
 1670 -127.3551661032783 0.1022382723884142
 1680 -127.3564984440776 0.1036185150767798
 1690 -127.3554158959341 0.1029651397983027
 1700 -127.3564984440775 0.1020926519586198
 1710 -127.3550198777337 0.100679298394099
 1720 -127.3570079551095 0.1030484750793532
 1730 -127.3571190368422 0.1025237176462524
 1740 -127.3553721882134 0.1051143784064388
 1750 -127.3567980122093 0.1018302797107512
 1760 -127.3567300223072 0.1027611054360767
 1770 -127.355217903494 0.1047181759914653
 1780 -127.3548303327726 0.1044945270467043
 1790 -127.3553350911074 0.1036329466727452
